Ru:101.07
Yb:173.04
Re:186.207
Rf:261.0
Ra:226.025
BR:79.904
Rn:222.0
Rh:102.9055
Be:9.012182
Ba:137.327
Bh:262.0
Bi:208.98037
Bk:247.0
Se:78.96
RB:85.4678
H:1.008
P:30.974
Os:190.2
Ge:72.61
Gd:157.25
Ga:69.723
Pr:140.90765
Pt:195.08
Pu:244.0
ZN:65.37
Pb:207.2
Pa:231.0359
Pd:106.42
Xe:131.29
Po:209.0
HE:4.0026
Hs:265.0
Ho:164.93032
Hf:178.49
Hg:200.59
Md:258.0
C:12.011
K:39.102
Mn:54.93805
O:15.999
Mt:266.0
S:32.06
W:183.85
MG:24.305
Eu:151.965
Es:252.0
Er:167.26
Ni:58.6934
No:259.0
Na:22.989768
Nb:92.90638
Nd:144.24
FE:55.847
Np:237.048
Fr:223.0
NA:22.98977
NE:20.1797
Fm:257.0
B:10.811
F:18.998
Sr:87.62
CA:40.08
N:14.007
Kr:83.8
Si:28.0855
Sn:118.71
Sm:150.36
V:50.9415
CS:132.9
Sb:121.757
Sg:263.0
CU:63.546
Co:58.9332
Cm:247.0
Cf:251.0
Ce:140.116
Cd:112.411
Tm:168.93421
Cr:51.9961
La:138.9055
Li:6.941
Tl:204.3833
Lu:174.967
Lr:262.0
Th:232.0381
Ti:47.88
Te:127.6
Tb:158.92534
Tc:98.0
Ta:180.9479
CL:35.45
Db:262.0
Zr:91.224
Dy:162.5
Pm:145.0
I:126.9045
U:238.0289
Y:88.90585
Sc:44.95591
Ac:227.028
Ag:107.8682
Ir:192.22
Am:243.0
Al:26.981539
As:74.92159
Ar:39.948
Au:196.96654
At:210.0
In:114.82
Mo:95.94
